00	/downtown	1
00	25+5	1
00	01	1
00	want	1
00	ihan	1
00	pa	1
00	kennethdarling	1
00	bargains	1
00	unable	1
00	cardiffbythesea	1
00	/2*	1
00	29mar	1
00	track	1
00	/rm	1
00	oakland	1
00	/19	1
00	luck	1
00	acesnot	1
00	mcknight	1
00	$and$hi	1
00	vista	2
00	mv	2
00	27	3
00	16	4
00	23	4
00	31	5
00	03	5
00	19	5
00	26	5
00	29	5
00	7	5
00	24	5
00	08	6
00	21	6
00	02	7
00	15	7
00	8	7
00	9	7
00	28	7
00	22	7
00	17	7
00	20	7
00	25	8
00	04	8
00	5	8
00	13	8
00	11	9
00	14	9
00	10	9
00	30	9
00	18	10
00	6	11
00	$date$	1393
00	12	14
010	oceanside	1
010	ncaa	1
010	~	1
010	thru	2
010	/	7
010	$and$	17
010	-	782
010	to	34
01100	2002	1
01100	1st	1
01100	29$	1
01100	meet	1
01100	+6/18	1
01100	tax	1
01100	$and$12/3	1
01100	9.	1
01100	sheryl	1
01100	$and$0	1
01100	rd	1
01100	nts	1
01100	first	1
01100	successful	1
01100	!!!!	1
01100	beware	1
01100	thanks	1
01100	not	1
01100	2004	2
01100	40$	2
01100	$price$	1072
01100	amex	6
011010	max	1
011010	+$5b	1
011010	/fr	1
011010	th	1
011010	nb	1
011010	failure	1
011010	+10	1
011010	4th	1
011010	front	1
011010	beach	1
011010	requested	1
011010	needed	1
011010	"	1
011010	"""	1
011010	/ea	1
011010	eve	1
011010	/night...	1
011010	bm	1
011010	ouch	1
011010	+25	1
011010	+5bonus	1
011010	1*	2
011010	please	2
011010	do	2
011010	how	2
011010	request	2
011010	declined	2
011010	each	2
011010	/nt.	2
011010	!!	3
011010	advice	3
011010	winning	3
011010	need	3
011010	/nt	4
011010	money	4
011010	!	4
011010	2.5	4
011010	+20	5
011010	+$10	5
011010	no	7
011010	accepted	7
011010	help	9
011010	failed	11
011010	/night	12
011010	+$5	14
011010	bid	17
011010	assistance	17
011010	+5	19
011010	bidding	21
011010	for	35
011010	bonus	48
0110110	refused	1
0110110	+5b	1
0110110	+amex	1
0110110	plus	1
0110110	+tax	1
0110110	corridor	1
0110110	/i80	1
0110110	arena	1
0110110	+$5bonus	1
0110110	+20b	1
0110110	free	2
0110110	+10bonus	2
0110110	+$20	4
0110110	/i	5
0110110	...	5
0110110	;	6
0110110	tree	7
0110110	quarter	9
0110110	+	35
0110110	west	12
01101110	/monroeville	1
01101110	:	10
01101110	,	244
01101110	stadium	10
01101111	vday	1
01101111	ardens	1
01101111	+10b	1
01101111	is	3
01101111	(	84
01101111	$	4
011100	plaze	1
011100	wildfire	1
011100	/cardiff	1
011100	stes	1
011100	6.+	1
011100	26th	1
011100	/bidding	1
011100	28th	1
011100	ctr	10
011100	natomas	13
011100	bay	14
011100	suites	22
011100	center	24
011100	mesa	26
011100	penn	31
011100	plaza	33
011100	.	45
011101	beds	1
011101	us	1
011101	renaissance	1
011101	up	1
011101	19th	1
011101	person	1
011101	/sat	1
011101	many	1
011101	/west/omni/marr/sher/hi/resinn	1
011101	years	1
011101	25th	1
011101	rms	1
011101	mtn	1
011101	nt	1
011101	room	2
011101	check	2
011101	get	2
011101	question	2
011101	link	2
011101	13th	2
011101	nights	3
011101	highland	3
011101	list	3
011101	nite	3
011101	zone	4
011101	bids	4
011101	?	6
011101	day	10
011101	night	22
011101	)	84
011101	rooms	23
011110	cent	1
011110	con	1
011110	sq	1
011110	isl	1
011110	/sorrento	1
011110	/s.	1
011110	u	1
011110	capitol	1
011110	crown	2
011110	n	2
011110	w	2
011110	conv	3
011110	/mira	3
011110	wm	3
011110	univ	3
011110	hawthorne	4
011110	studio	6
011110	horton	6
011110	hawthorn	8
011110	mira	8
011110	city	9
011110	south	10
011110	university	11
011110	convention	13
011110	sorrento	14
011110	william	26
011110	crowne	24
0111110	thu	1
0111110	arrival	1
0111110	45	1
0111110	upgraded	1
0111110	delmar	1
0111110	miramar	1
0111110	wknd	1
0111110	we	1
0111110	hilt	1
0111110	amazing	1
0111110	/same	1
0111110	tu	1
0111110	sa	1
0111110	history	1
0111110	back	1
0111110	42	1
0111110	dtown	2
0111110	memorial	2
0111110	total	2
0111110	40	2
0111110	80/arden	2
0111110	note	3
0111110	new	3
0111110	weekend	3
0111110	per	3
0111110	sacto	3
0111110	carmel	4
0111110	i	6
0111110	same	7
0111110	one	7
0111110	a	7
0111110	rejected	14
0111110	3	16
0111110	1	18
0111110	2	21
0111110	$day$	67
0111111	cruise	1
0111111	regen	1
0111111	s	1
0111111	46$	1
0111111	/south	1
0111111	b	2
0111111	carlsbad	2
0111111	of	3
0111111	pitts	3
0111111	sac	10
0111111	the	15
0111111	$month$	47
0111111	4	28
100	travelodge	1
100	opens	1
100	hotels	1
100	*4	1
100	problem	1
100	4*	424
100	park	1
1010	2π/≤*	1
1010	landing	1
1010	with	2
1010	star	4
1010	2*	65
1010	2.5*	121
1011	aussie	1
1011	re	1
1011	*3	4
1011	3*	449
1011	*	5
110000	sdc	1
110000	point	1
110000	35	1
110000	palms	2
110000	loews	4
110000	shelter	5
110000	island	11
110000	in	12
110000	marriott	54
110000	coronado	22
110001	make	1
110001	/sports	1
110001	countryinnbyayres	1
110001	ayres	1
110001	larkspur	1
110001	@	2
110001	twp	2
110001	township	2
110001	castle	2
110001	select	3
110001	escondido	3
110001	roseville	4
110001	express	5
110001	village	5
110001	laquinta	5
110001	monroeville	5
110001	by	9
110001	cranberry	13
110001	homestead	13
110001	amerisuites	20
110001	courtyard	21
1100100	reservations	1
1100100	requests	1
1100100	only	1
1100100	rb	1
1100100	folsom	2
1100100	hanalei	4
1100100	sacramento	115
1100100	and	19
1100101	marathon	1
1100101	hills	1
1100101	when	1
1100101	qualcomm	1
1100101	cardiff	2
1100101	view	6
1100101	north	7
1100101	on	13
1100101	greentree	15
1100101	valley	52
11001100	..	1
11001100	resort	17
11001100	hotel	61
11001100	lion	32
11001101	going	1
11001101	5th	1
11001101	/mission	1
11001101	@$45	1
11001101	rebid	2
11001101	golf	4
11001101	mission	53
11001101	harbor	10
11001110	obtain	1
11001110	spa	1
11001110	best	1
11001110	but	1
11001110	added	1
11001110	50.00	1
11001110	ca	1
11001110	&gt	2
11001110	towers	2
11001110	lions	3
11001110	green	3
11001110	area	3
11001110	/arden	3
11001110	double	4
11001110	80	9
11001110	marina	12
11001110	arden	74
11001110	gaslamp	18
11001111	northeast	1
11001111	**	1
11001111	sacrmento	1
11001111	raddison	2
11001111	gate	3
11001111	handlery	13
11001111	radisson	21
11001111	doubletree	58
11001111	red	32
1101000	dwtn	1
1101000	8.+	1
1101000	at	11
1101000	downtown	104
1101000	dt	151
1101001	37$+5	1
1101001	????	1
1101001	affecting	1
1101001	you	1
1101001	/t	1
1101001	east	11
1101001	airport	112
1101001	ap	12
1101010	over	1
1101010	near	1
1101010	areas	1
1101010	dntwn	1
1101010	grand	97
1101010	station	9
11010110	hilton	158
11010111	resorts	1
11010111	central	1
11010111	coastal	85
11010111	gras	1
110110	dowtown	1
110110	would	1
110110	hyatt	235
110110	square	8
110111000	rates	1
110111000	sheraton	90
110111000	fly	1
110111001	tp	1
110111001	all	1
110111001	or	2
110111001	manchester	55
110111001	win	3
110111010	suite	1
110111010	marriot	2
110111010	omni	34
110111010	westin	34
110111011	mardi	1
110111011	sd	59
110111011	handley	1
11011110	regency	104
11011110	be	1
110111110	situation	1
110111110	thank	1
110111110	7.	1
110111110	d	1
110111110	woodfin	1
110111110	pitt	5
110111110	pittsburgh	77
110111110	pit	30
110111111	intl	1
110111111	moon	1
110111111	barcelo	28
110111111	parkway	6
111000	la	90
111000	perfect	1
111001	/old	1
111001	rancho	69
111001	old	13
111010	comfort	1
111010	hol	1
111010	ramada	1
111010	creek	2
111010	country	3
111010	fairfield	7
111010	holiday	83
111010	residence	34
11101100	torrey	36
11101100	gas	1
11101101	del	45
11101101	/del	1
11101110	san	70
11101111	humphreys	1
11101111	wyndam	2
11101111	sacremento	2
11101111	four	38
11101111	wyndham	6
111100	quinta	12
111100	jolla	78
111101	codova	1
111101	penasquitos	3
111101	penesquitos	5
111101	town	14
111101	cordova	43
111101	bernardo	17
111110	inn	159
11111100	mar	46
11111101	pine	1
11111101	lamp	1
11111101	lajolla	4
11111101	islandia	15
11111101	pines	35
11111110	diego	70
11111111	half	1
11111111	emerald	1
11111111	pts	3
11111111	points	39
11111111	garden	5
